10817
8733
14318
13774
17403
14069
15258
13963
14328
10716
18756
13898
13320
20616
15866
16159
19972
14049
18848
13029
16958
13395
13406
8735
16780
16947
15057
14308
14835
18592
19440
16812
13883
14415
13096
18691
18806
18655
17253
14773
17945
19784
18900
15759
13891
13884
18944
17930
16726
19030
15053
19925
12095
14017
13020
13806
16380
19364
12752
13278
16975
10500
16650
12993
14093
13347
16845
13387
14181
12126
12682
15427
14240
13533
20751
16806
16606
7985
14176
20427
19587
13911
7053
20497
16287
13759
16097
14421
18822
15853
11564
12928
13477
13405
16165
12325
17436
16127
18382
17802
17078
17635
7552
13330
16436
12917
10993
17596
17511
19737
20208
12522
11972
21811
15930
15433
18821
13783
10789
22024
15521
7895
13701
13971
13586
17370
16766
16456
17080
13567
14065
12859
16628
16517
13498
16681
16715
16507
16622
17031
14546
12686
16479
15024
14067
14755
15006
18917
18115
14874
13071
15501
15951
15529
16193
7465
12884
15835
13936
18491
13468
16099
14166
12779
14581
18966
17229
13415
13761
14042
17841
13281
15519
14795
16136
15273
13455
10741
17727
12057
15822
16984
15222
12303
14622
7496
16702
11947
13730
8485
5838
9396
13208
19952
18458
12326
12443
13994
14397
5961
19863
13282
5470
7015
11837
13434
11095
12645
12095
