1179
2197
1196
1847
2126
1210
1008
2290
1429
1997
1364
1540
1567
2267
1218
1883
880
1172
1630
1230
2385
2410
1445
1228
1285
2025
1695
1634
1265
1644
2007
2566
859
1646
2118
883
1703
1667
1674
1179
1172
1488
3976
1250
1219
1196
1191
2795
699
1990
1639
1622
6060
1206
1626
4575
1659
1983
1645
1609
1440
1640
1670
1221
2435
1652
1430
1455
1432
1568
1220
1449
1635
1611
2028
1642
2251
2024
1231
2052
3462
2044
1225
2345
1185
2071
2326
2596
1637
1237
2101
1486
1481
1646
1648
914
1666
1212
1209
2088
1221
2085
1169
1581
1677
1982
3579
2002
1850
1218
1636
1822
1623
2089
4396
2083
1500
1663
750
2052
873
1418
1208
1403
1608
1614
1626
1749
1617
1990
1179
1650
1528
1280
1620
1320
1698
3368
2058
1480
1635
1654
1621
888
6576
1280
1447
3644
1422
1248
1716
8803
1405
787
1183
2125
3270
2686
909
1948
1423
2144
1322
770
1624
1420
1616
3386
1437
5482
1229
1649
1166
1423
1420
1630
3323
1209
1819
1339
1996
1781
1209
1851
1394
1447
1992
2069
1033
1044
1139
1383
1911
1276
2266
1651
2353
2074
1861
1855
1836
1982
1521
1269
1513
818
1574
