2143
1703
4197
3497
3413
4025
4321
4272
3507
3780
3633
3385
5176
3704
7355
3619
6028
3148
1864
5614
3302
10553
2873
3084
2513
2630
4239
4073
3504
3108
2367
6281
4493
3107
4487
3252
3666
3188
4838
3753
2874
4428
3564
2585
4695
4408
5050
3787
5365
2685
3277
5236
4271
6287
4676
1306
3783
5227
4766
3029
3507
2516
3091
3275
3337
3277
4129
3971
4488
5136
3651
2363
4033
3998
4560
4474
4925
5350
3722
4693
4234
3921
3573
3332
4141
2866
3478
3426
4711
4358
3325
4968
5328
3483
3523
4048
3803
2678
1604
5035
4497
4134
7882
3079
2913
6371
4332
3537
3394
2505
3486
7437
6493
4358
3556
5866
3584
1710
5328
4063
4438
3322
4487
4255
4213
3486
3057
3504
5697
4180
4259
4445
4326
4216
4340
5148
3045
4535
3424
3185
3987
1698
3133
2745
4638
5467
2771
3576
3234
3243
4897
4766
8995
3720
3183
4350
4268
4215
2966
2396
5537
2815
3392
3763
3578
4375
4350
2550
2565
4987
3587
3673
3080
4051
3708
5402
3606
1919
3299
4021
3501
7701
3592
4224
4042
4826
2691
2821
4290
3467
3422
3514
3644
2439
2635
5554
2757
2992
3431
1332
3826
3959
2718
3645
4543
4167
4084
4153
