8423
5711
3657
7662
9686
4473
6516
7341
7188
6092
7403
5593
7098
5952
13853
5768
7155
7063
5797
7260
5009
3229
7179
6210
8924
6522
7329
4920
10524
7047
8478
7375
6967
2976
5699
7931
6016
7448
6038
5868
10779
7099
7143
5957
12766
4954
6181
5141
6855
5978
3999
6022
3634
5575
3862
6477
10093
5687
3833
3292
6669
5935
5529
6570
6094
10271
5135
6817
7325
5742
8632
8408
6715
4935
10329
3890
3530
6301
7972
4311
4146
6635
6891
6657
6058
4967
4501
7308
8326
7639
3891
6238
7300
9287
6455
6275
5213
8984
3026
5593
10559
8643
6716
4975
6829
3607
3646
3257
5307
5709
3442
2794
7562
3596
6953
8218
7173
6800
5777
6887
5650
7131
5373
8815
5653
7753
3775
3006
7727
9234
7950
5730
4946
6790
6890
7585
6562
6122
7270
4755
3598
3336
8453
6191
8309
6625
5537
3271
13809
7231
6245
4016
6718
9535
8122
6270
5448
3666
7151
5884
6951
5537
7145
5340
4293
6520
3344
5544
6783
8645
3210
6051
7543
8576
5226
6785
6092
5660
3682
6026
6139
3202
8070
3543
9053
6869
3131
8352
5748
3196
2991
3845
2729
4791
2273
7783
6158
7455
7320
7461
6333
2648
3818
4747
5924
6353
5036
4900
3242
