0.3913412392139435
0.3848155438899994
0.390667200088501
0.38964855670928955
0.39188840985298157
0.3826860189437866
0.389620304107666
0.3853491246700287
0.39439427852630615
0.39021456241607666
0.3911834955215454
0.39285606145858765
0.3934696912765503
0.39314284920692444
0.3904567360877991
0.3893871605396271
0.3920850455760956
0.38537654280662537
0.38854897022247314
0.39010506868362427
0.38920360803604126
0.3886191248893738
0.3898063004016876
0.3797188401222229
0.39295586943626404
0.3920791447162628
0.39005619287490845
0.39237385988235474
0.3901675343513489
0.3893219530582428
0.38811320066452026
0.3923211097717285
0.3901686668395996
0.38895124197006226
0.38535600900650024
0.38805246353149414
0.38525840640068054
0.3935546875
0.38666027784347534
0.3908640444278717
0.3881429433822632
0.38630640506744385
0.3901921510696411
0.3888908922672272
0.3943095803260803
0.3878858983516693
0.3894760310649872
0.3911776840686798
0.3791518211364746
0.38055646419525146
0.3857003450393677
0.38799434900283813
0.3885303735733032
0.38841384649276733
0.3892449140548706
0.38573169708251953
0.3876804709434509
0.38733920454978943
0.3872007727622986
0.38163673877716064
0.39091387391090393
0.39209818840026855
0.3914884924888611
0.39259207248687744
0.3842512369155884
0.3845859467983246
0.3908047378063202
0.39096730947494507
0.38736915588378906
0.3894023299217224
0.3834044635295868
0.39004743099212646
0.3876291513442993
0.38514024019241333
0.39245131611824036
0.3862549662590027
0.3913308382034302
0.38759398460388184
0.39462482929229736
0.3919757306575775
0.38896816968917847
0.3883579969406128
0.38760310411453247
0.38947075605392456
0.38479793071746826
0.39177262783050537
0.3935372829437256
0.39260703325271606
0.3864055871963501
0.38601166009902954
0.3837319612503052
0.39342617988586426
0.3887518346309662
0.3845471143722534
0.3831150531768799
0.3906104564666748
0.382724404335022
0.38854682445526123
0.3847520351409912
0.38784489035606384
0.3906008005142212
0.3904064893722534
0.39471566677093506
0.3943542242050171
0.393218070268631
0.3871942162513733
0.38941121101379395
0.39193636178970337
0.38024964928627014
0.3904208540916443
0.3887074887752533
0.3918987512588501
0.38943225145339966
0.39131444692611694
0.394296258687973
0.3903535008430481
0.3925997316837311
0.3855893015861511
0.3889072835445404
0.38917863368988037
0.39004987478256226
0.38512811064720154
0.38409894704818726
0.3898482620716095
0.39160847663879395
0.38630610704421997
0.3908376097679138
0.3932572603225708
0.38239866495132446
0.38965824246406555
0.38834622502326965
0.3930222988128662
0.39024901390075684
0.38568857312202454
0.3898113965988159
0.38574841618537903
0.390005886554718
0.38872653245925903
0.3906015455722809
0.3930308520793915
0.38767775893211365
0.3891003131866455
0.3890475034713745
0.38868001103401184
0.39234423637390137
0.3944184184074402
0.38498756289482117
0.39170384407043457
0.3938104212284088
0.38620641827583313
0.392331063747406
0.3924961984157562
0.3952212333679199
0.3848555088043213
0.3864760994911194
0.3760363459587097
0.381280779838562
0.37053829431533813
0.36333051323890686
0.36321431398391724
0.35306650400161743
0.3515355587005615
0.3470187485218048
0.3514479398727417
0.360689252614975
0.36374998092651367
0.3633079528808594
0.36342108249664307
0.35288742184638977
0.3504059910774231
0.3437238335609436
0.3348938822746277
0.3300139009952545
0.32142001390457153
0.30978816747665405
0.30018454790115356
0.2950284481048584
0.3123452365398407
0.318398654460907
0.3264514207839966
0.32588520646095276
0.32361942529678345
0.3142348527908325
0.3057437539100647
0.2825082242488861
0.0
