6787
5903
2849
7345
7265
7019
7088
7154
6032
5627
5578
5845
7255
5349
5429
6959
5632
5618
6606
5915
5740
5545
5815
5494
5348
6992
7178
5316
5449
5426
5622
5664
7452
7163
8927
5411
7004
7027
5530
5890
5611
7226
7396
5541
5560
5568
7351
5557
5580
6594
5918
7417
7053
5626
5537
5431
7162
7086
6926
5338
5954
5589
5668
5961
5686
7371
7183
5655
7369
5393
5855
5564
5689
7427
7402
5469
5394
5636
7694
7333
5647
7156
5623
7241
5490
5313
7223
5702
5690
6905
5591
5933
5633
5726
5888
5756
5707
5678
5677
7293
7051
5567
5472
5688
5578
5637
7127
7197
6983
6805
5587
6003
5669
5683
7090
5338
5480
5373
5366
6856
6694
5619
5542
5489
7044
5491
5717
5612
5604
7095
5494
5436
5497
5574
5596
5439
5693
5535
7563
6933
5483
5557
5628
5810
5492
5618
5725
5574
5629
5662
7308
5625
5889
5981
5725
5758
5859
5644
5649
5658
5652
5594
5698
7518
5407
5469
5564
5730
7655
5473
5411
5706
5627
7677
5709
5626
5670
7538
5646
7242
5625
7299
5398
6078
5607
5403
5343
6864
6739
4873
4973
6349
4819
4801
4873
4823
4736
4773
4816
5005
4834
4900
4858
5053
4925
5126
5097
5061
4968
5171
5076
