10794
11678
12003
12270
11653
12114
12141
12811
11822
9447
8930
11186
9416
7709
10028
22907
14202
9420
11606
11844
10609
9372
6036
15176
12869
8445
9790
12650
12760
11075
9156
10216
12038
12576
9227
12063
9883
10644
9744
13049
8989
10905
9754
12719
12531
11730
13034
9603
11936
9027
8445
9601
9454
12822
11722
8001
14247
12661
12952
12174
12714
19066
12058
15066
16973
11899
13056
9603
8455
8851
11365
11759
12163
10468
11853
12090
8695
9762
12636
12927
10623
9800
15576
12331
12212
12048
8170
12498
9857
14651
9625
12107
9725
10863
12572
11743
12001
9936
8672
12984
12168
10379
11891
11954
10619
12213
9619
6214
9488
13161
11769
9891
11595
13668
10385
11234
12363
25277
9510
17626
12568
12153
11766
12941
11665
11545
11361
12054
8148
15524
7136
11587
12924
16992
12044
12781
17543
14384
11891
10764
9947
9881
15245
10734
12015
13087
11916
12821
9270
5796
12064
12632
16030
11312
9648
13666
12701
9327
12196
22747
17570
12994
12745
11094
11967
11452
12921
10454
9565
11906
4173
12531
11702
13817
14773
11932
14142
12482
12781
12090
10516
12132
12845
12856
12085
12912
12728
11608
11512
8070
12486
5541
10789
11563
10601
10938
11997
10896
10688
10699
13665
8263
9428
11807
8485
11707
8651
12082
7375
8445
8354
